$ 1 0.000005 10.20027730826997 50 5 43
r 224 -64 304 -64 0 100000
r 224 144 304 144 0 10000
t 320 144 352 144 0 1 0 0 100
r 384 192 480 192 0 10000
g 480 192 512 192 0
R 224 -64 144 -64 0 0 40 5 0 0 0.5
R 224 144 160 144 0 2 40 3.3 0 0 0.5
w 304 144 320 144 0
w 352 160 352 192 0
w 304 -64 352 -64 0
368 352 -64 352 -112 0 0
r 352 64 352 0 0 10000
x 361 -26 381 -23 4 14 Vin
x 145 178 180 181 4 14 GPIO
w 352 192 384 192 0
x 360 102 391 105 4 14 GND
b 257 -21 396 81 0
x 279 33 315 36 4 14 MQ-9
w 352 -64 352 0 0
w 352 64 352 128 0
